MSE: 20649983.71265638
R2: 0.8669877459594534
